27,2
27,3
0,439
0,437
0,443
0,265
0,441
0,264
0,263
0,262
0,259
0,258
0,524
0,257
0,490
0,256
0,255
0,254
0,253
0,242
0,241
0,230
0,229
0,479
0,228
0,478
0,227
0,226
0,225
0,404
0,224
0,403
0,223
0,475
0,222
0,473
0,221
0,220
0,500
0,219
0,218
0,517
0,217
0,516
0,216
0,398
0,215
0,396
0,214
0,515
0,213
0,514
0,212
0,211
0,395
0,210
0,394
0,209
0,393
0,208
0,391
0,207
0,464
0,206
0,205
0,498
0,204
0,389
0,203
0,384
0,202
0,308
0,201
0,200
0,318
0,196
0,454
0,55
0,453
0,54
0,50
0,313
0,49
0,314
0,47
0,45
50,34
50,33
50,32
50,31
50,30
50,29
50,28
50,27
50,26
50,25
50,24
50,23
50,22
50,21
50,20
50,19
50,18
50,17
50,16
50,15
50,14
50,13
50,12
50,11
50,10
50,9
50,8
50,7
50,6
50,5
50,4
50,3
0,447
0,6
0,1
0,532
0,0
0,261
0,260
0,493
0,235
0,416
0,234
67,4
67,3
67,2
67,1
67,0
0,415
0,252
0,430
0,251
0,428
0,250
66,3
66,2
66,1
66,0
0,486
0,246
0,426
53,3
53,2
53,1
53,0
0,237
